100
2 4
10 5
3 12
7 7 7
3 12
4 2 1
5 1000000000
25 25 25 25 25
2 2
1 1
5 5
1 1 1 1 1
5 448257424
1 2 3 4 5
5 915742169
18 7 21 11 25
5 346948366
11 11 11 11 11
5 441545189
18 18 18 18 18
5 465682841
16 16 16 16 16
5 804405905
18 18 18 18 18
5 159568415
8 8 8 8 8
5 40009180
15 15 15 15 15
5 362577876
23 23 23 23 23
5 613598344
19 19 19 19 19
5 579968692
7 7 7 7 7
5 494455915
6 6 6 6 6
5 443073932
21 21 21 21 21
5 774978247
8 8 8 8 8
5 749742971
8 8 8 8 8
5 673125862
19 19 19 19 19
5 478331436
10 10 10 10 10
5 758737113
11 11 11 11 11
5 33197241
25 25 25 25 25
5 675279228
20 20 20 20 20
5 455603835
1 1 1 1 1
5 240657910
14 14 14 14 14
5 477952057
7 7 7 7 7
5 380720292
5 5 5 5 5
5 870092781
17 17 17 17 17
5 234950497
8 8 8 8 8
5 494533817
9 9 9 9 9
5 589224312
1 2 3 4 5
5 248700176
1 2 3 4 5
5 443274017
1 2 3 4 5
5 932935770
1 2 3 4 5
5 216136138
1 2 3 4 5
5 706995022
1 2 3 4 5
5 183539713
1 2 3 4 5
5 901574424
1 2 3 4 5
5 443688786
1 2 3 4 5
5 57697033
1 2 3 4 5
5 585458255
1 2 3 4 5
5 623139096
1 2 3 4 5
5 395551461
1 2 3 4 5
5 865235214
1 2 3 4 5
5 470611496
1 2 3 4 5
5 335787194
1 2 3 4 5
5 642779904
1 2 3 4 5
5 2109306
1 2 3 4 5
5 276900586
1 2 3 4 5
5 95391217
1 2 3 4 5
5 629971218
1 2 3 4 5
5 545413667
1 2 3 4 5
5 228842777
1 2 3 4 5
5 726075674
1 2 3 4 5
5 710952647
1 2 3 4 5
5 286407040
17 16 8 25 9
5 110308878
7 4 5 1 23
5 613352648
7 7 23 11 19
5 693960683
7 1 3 4 17
5 965867777
19 9 7 8 12
5 102902325
16 2 14 23 5
5 26689044
1 13 12 4 7
5 785684142
4 22 3 12 18
5 351273268
25 6 20 7 22
5 222797433
20 25 14 13 20
5 520391337
11 12 23 2 4
5 520921409
8 22 11 15 8
5 748668995
12 20 4 20 24
5 841927119
12 25 8 18 1
5 449593697
4 13 14 16 13
5 755577482
20 5 6 22 24
5 598639232
14 12 24 14 16
5 388388995
16 4 5 16 12
5 744847214
23 15 16 13 15
5 779863748
2 18 22 7 7
5 410728132
2 5 20 8 18
5 905171448
23 3 24 6 7
5 673027949
9 16 7 17 11
5 826654891
19 23 8 13 7
5 527957556
21 25 17 24 10
5 846652402
13 13 5 3 14
5 656895911
18 3 25 21 13
5 382029855
8 10 7 15 11
5 921740813
15 8 5 2 7
5 122423973
3 10 23 25 25
5 586796380
8 22 15 2 2
5 376220744
15 4 8 11 6
5 60728382
25 24 14 16 14
5 830996493
1 2 20 20 7
5 868596193
25 17 2 12 11
5 321875585
2 12 22 2 24
5 651729478
3 25 9 25 3
5 727845625
3 24 21 24 20
5 206924416
15 3 21 16 8
5 519995450
13 20 5 23 24
5 827061992
19 3 3 15 12
5 455502062
13 16 17 25 25
