100
1 3 25
9 17 24
1 1 8
4
1 3 11
6 7 8
1 4 16
1 2 4 8
1 3 20
5 10 16
1 2 23
2 7
1 3 14
3 5 9
1 1 15
10
1 1 28
22
1 2 29
3 6
1 1 11
5
1 1 1
1
1 2 29
21 25
1 1 1
1
1 1 3
2
1 2 13
2 5
1 3 6
1 2 5
1 3 27
4 8 14
1 1 2
2
1 3 20
3 4 10
1 1 22
20
1 3 12
2 4 9
1 2 8
7 8
1 2 30
6 19
1 4 25
2 17 18 23
1 2 23
17 22
1 1 27
4
1 5 5
1 2 3 4 5
1 2 14
10 14
1 2 9
1 2
1 3 29
16 28 29
1 4 28
3 8 13 28
1 2 22
17 21
1 4 30
2 5 9 21
1 3 14
5 8 14
1 2 13
2 4
1 4 19
8 9 10 17
1 2 12
6 8
1 1 17
12
1 2 28
10 20
1 2 27
3 7
1 1 7
4
1 1 28
4
1 1 20
9
1 1 3
2
1 4 24
3 7 11 23
1 1 23
23
1 2 7
1 2
1 1 8
8
1 1 25
13
1 1 14
6
1 1 7
5
1 1 23
12
1 2 17
2 4
1 1 20
18
1 1 22
13
1 2 20
17 20
1 4 20
8 14 15 17
1 1 2
1
1 3 28
11 24 27
1 4 21
1 5 11 20
1 3 20
1 4 9
1 3 28
5 9 16
1 1 1
1
1 2 6
2 3
1 4 20
2 5 8 19
1 3 25
5 8 17
1 2 11
4 9
1 3 28
1 21 24
1 1 23
1
1 2 22
10 16
1 2 21
15 19
1 5 16
1 2 4 8 16
1 2 18
4 9
1 1 7
2
1 5 26
6 19 21 24 26
1 1 30
1
1 2 22
14 22
1 4 15
9 11 14 15
1 4 27
4 5 12 25
1 3 11
3 4 10
1 2 12
2 7
1 2 24
3 6
1 3 26
2 3 7
1 2 12
9 11
1 3 29
12 25 29
1 2 27
22 26
1 1 26
2
1 3 25
13 20 25
1 1 5
5
1 1 23
4
1 2 3
1 2
1 1 8
4
1 2 24
2 5
1 1 7
1
1 1 6
5
1 1 8
8
1 5 30
1 2 4 8 15
1 1 30
30
1 2 20
4 5
