100
1 2 24
20 24
1 3 29
2 7 10
1 2 18
4 9
1 2 27
1 3
1 3 29
5 10 16
1 1 5
2
1 1 26
25
1 1 7
1
1 1 21
4
1 2 11
2 6
1 3 26
12 20 24
1 3 30
9 20 26
1 1 8
4
1 2 25
7 12
1 4 20
1 6 8 19
1 2 19
6 12
1 4 18
1 12 17 18
1 2 3
1 2
1 1 3
3
1 1 24
20
1 1 3
3
1 3 25
16 18 24
1 3 24
9 18 24
1 3 28
10 20 24
1 2 22
2 16
1 2 13
4 6
1 3 29
26 27 29
1 3 6
1 5 6
1 4 30
1 6 9 19
1 1 22
16
1 1 30
30
1 1 2
2
1 2 30
13 25
1 5 19
7 9 14 17 18
1 1 4
4
1 4 24
5 13 17 23
1 1 2
2
1 2 27
22 27
1 3 27
3 5 9
1 3 6
1 2 5
1 2 7
1 5
1 5 16
1 2 4 8 16
1 3 23
16 21 23
1 1 30
1
1 1 3
2
1 4 8
1 3 7 8
1 2 27
3 7
1 2 8
2 3
1 4 26
2 4 7 16
1 4 16
1 2 4 8
1 3 28
13 16 21
1 2 12
4 7
1 1 24
3
1 3 21
4 8 14
1 5 5
1 2 3 4 5
1 5 30
1 2 4 8 15
1 3 26
14 15 20
1 3 20
5 14 17
1 1 3
2
1 2 27
5 7
1 3 22
12 14 21
1 3 17
3 4 10
1 2 6
2 3
1 3 24
5 6 14
1 1 22
4
1 4 17
12 13 15 16
1 2 7
4 5
1 1 24
3
1 1 1
1
1 4 24
1 3 5 11
1 1 5
1
1 1 30
26
1 1 2
1
1 2 12
2 7
1 2 6
2 6
1 3 27
2 4 9
1 2 25
4 7
1 1 30
1
1 1 22
16
1 2 5
3 5
1 3 24
3 7 13
1 1 3
2
1 2 7
2 6
1 1 26
25
1 3 23
4 6 12
1 2 23
22 23
1 2 21
18 21
1 3 24
1 2 7
1 4 26
12 19 25 26
1 1 7
7
1 2 27
25 27
1 4 13
3 7 12 13
1 4 20
1 6 11 20
1 1 22
18
1 1 23
3
1 4 11
7 8 9 10
1 2 11
7 9
1 3 25
4 23 25
1 1 2
1
1 2 25
10 18
