100
1 3 24
10 23 24
1 3 20
7 14 15
1 1 24
10
1 2 13
1 4
1 3 24
12 20 23
1 3 22
7 15 20
1 1 2
1
1 3 24
4 6 14
1 2 22
2 4
1 2 20
3 4
1 2 24
3 5
1 1 16
5
1 1 15
2
1 1 20
5
1 3 22
2 6 11
1 1 27
8
1 3 13
1 4 6
1 2 18
4 9
1 1 29
1
1 1 2
1
1 2 14
13 14
1 3 22
4 8 16
1 2 27
15 27
1 3 21
4 5 14
1 3 25
3 21 23
1 2 30
3 7
1 1 2
2
1 2 24
17 24
1 4 9
6 7 8 9
1 1 28
11
1 4 27
2 3 6 13
1 2 30
5 10
1 1 26
11
1 1 9
5
1 2 30
28 30
1 5 28
9 11 23 27 28
1 1 20
4
1 2 17
3 4
1 3 29
11 24 29
1 1 6
5
1 3 13
5 7 13
1 2 9
5 9
1 3 28
5 10 19
1 2 3
1 2
1 4 7
2 3 5 7
1 2 23
12 20
1 2 12
4 8
1 3 13
2 4 9
1 1 30
30
1 1 22
2
1 2 27
3 7
1 1 23
22
1 1 6
3
1 1 22
22
1 3 30
9 21 29
1 5 30
1 2 4 8 15
1 4 16
1 2 4 8
1 3 23
4 6 12
1 1 7
1
1 2 27
8 11
1 1 7
2
1 1 9
2
1 3 25
12 19 23
1 4 13
6 9 10 13
1 2 12
5 8
1 1 27
16
1 3 20
2 7 14
1 1 25
20
1 4 19
10 17 18 19
1 2 3
2 3
1 2 6
1 6
1 3 14
2 5 9
1 5 16
1 2 4 8 16
1 1 22
1
1 1 3
1
1 3 28
22 24 27
1 3 30
13 28 30
1 1 30
1
1 1 12
9
1 3 30
11 15 30
1 1 3
2
1 2 25
23 25
1 3 27
4 8 15
1 2 25
2 4
1 1 3
1
1 3 6
1 2 5
1 1 16
10
1 1 1
1
1 2 11
5 7
1 2 8
2 4
1 3 24
5 6 14
1 2 4
1 4
1 1 27
24
1 1 28
6
1 3 13
2 6 12
1 1 26
26
1 1 24
21
1 5 5
1 2 3 4 5
1 2 28
11 27
1 4 25
6 23 24 25
