100
1 2 21
8 20
1 1 19
5
1 1 27
26
1 2 21
6 18
1 2 4
2 4
1 3 26
15 21 24
1 1 20
2
1 2 6
1 3
1 3 30
3 6 11
1 2 21
2 7
1 1 6
4
1 2 23
9 18
1 2 30
4 16
1 1 3
1
1 1 30
1
1 2 2
1 2
1 1 2
1
1 1 6
6
1 3 21
2 3 6
1 4 20
1 4 10 19
1 4 24
8 10 22 24
1 4 24
16 21 23 24
1 1 23
4
1 1 30
2
1 3 28
5 10 16
1 4 22
2 4 7 17
1 1 30
30
1 2 13
10 13
1 3 18
3 13 18
1 1 5
4
1 2 3
1 2
1 3 24
1 3 9
1 3 16
4 7 13
1 5 16
1 2 4 8 16
1 2 25
18 25
1 2 11
2 4
1 2 5
3 5
1 3 17
9 11 16
1 4 16
1 2 4 8
1 1 30
13
1 4 21
1 5 9 19
1 4 23
9 14 16 20
1 3 6
1 2 5
1 1 23
21
1 3 27
20 25 26
1 5 5
1 2 3 4 5
1 3 28
11 22 26
1 1 5
5
1 2 11
5 7
1 1 30
22
1 2 3
2 3
1 3 28
13 26 28
1 2 27
3 7
1 1 16
16
1 2 12
4 7
1 2 21
16 20
1 2 28
22 25
1 2 20
5 8
1 2 16
7 12
1 1 27
4
1 1 29
29
1 1 1
1
1 2 18
3 8
1 2 27
5 8
1 2 29
3 7
1 2 9
5 7
1 2 2
1 2
1 1 23
1
1 1 26
13
1 3 8
1 2 5
1 1 20
16
1 2 26
12 25
1 1 4
4
1 1 24
2
1 2 21
16 17
1 3 5
2 4 5
1 1 7
1
1 2 11
6 11
1 2 30
5 13
1 3 29
11 19 29
1 2 25
21 24
1 2 4
2 4
1 3 27
4 7 13
1 2 29
2 4
1 2 27
17 24
1 4 27
3 4 10 19
1 2 4
1 4
1 3 16
3 6 13
1 4 17
2 5 16 17
1 5 30
1 2 4 8 15
1 1 24
7
1 2 18
4 9
1 2 28
22 27
1 2 14
5 10
1 2 13
5 9
1 1 10
2
1 3 29
5 17 22
1 5 27
1 2 8 12 25
1 1 2
2
1 1 28
28
