100
1 2 19
17 19
1 1 20
4
1 2 28
22 25
1 1 1
1
1 1 15
5
1 1 5
5
1 3 6
1 2 5
1 3 25
4 6 13
1 3 17
13 16 17
1 2 8
2 8
1 4 21
1 2 7 13
1 3 21
8 16 21
1 1 2
1
1 2 10
2 5
1 3 12
3 4 8
1 1 28
10
1 4 16
1 2 4 8
1 1 1
1
1 1 1
1
1 1 21
7
1 2 26
17 25
1 3 8
5 6 8
1 2 21
4 7
1 3 14
4 11 14
1 1 30
30
1 2 18
4 9
1 1 26
8
1 1 5
4
1 1 4
4
1 2 24
3 6
1 2 25
3 4
1 1 27
2
1 3 20
5 10 17
1 1 10
1
1 3 20
13 18 20
1 2 3
1 2
1 1 10
4
1 3 25
6 9 18
1 3 11
6 10 11
1 1 30
3
1 3 25
20 22 25
1 3 25
19 23 25
1 1 26
6
1 5 30
6 22 25 29 30
1 2 23
20 22
1 2 20
5 10
1 3 19
2 6 12
1 2 18
5 7
1 3 23
3 8 13
1 1 20
14
1 1 20
20
1 3 29
5 10 17
1 2 22
1 3
1 1 29
1
1 3 23
5 9 19
1 4 20
1 6 10 20
1 2 16
9 16
1 3 22
19 21 22
1 3 20
4 9 15
1 2 29
5 10
1 2 29
23 28
1 5 16
1 2 4 8 16
1 5 5
1 2 3 4 5
1 1 1
1
1 1 15
13
1 1 30
1
1 3 26
10 19 26
1 1 5
4
1 2 27
11 14
1 5 21
8 13 16 18 20
1 3 28
15 22 24
1 1 28
7
1 3 17
14 16 17
1 1 22
1
1 1 18
5
1 4 12
4 7 9 11
1 4 26
4 14 20 24
1 3 26
5 6 14
1 1 7
1
1 2 7
6 7
1 3 20
7 12 17
1 5 30
1 2 4 8 15
1 2 25
1 3
1 1 11
5
1 2 9
3 8
1 3 30
11 21 30
1 1 21
14
1 3 10
3 5 9
1 2 8
2 7
1 2 29
23 28
1 1 29
27
1 2 19
1 9
1 1 4
4
1 3 22
9 18 22
1 2 27
3 7
1 5 28
1 2 6 13 25
1 3 29
23 25 29
1 1 9
1
1 2 23
4 17
1 1 30
5
