100
2 3 2
1 1 1
2 1 2
3 2 3
51 6 51
2 59 2
94 4 94
1 71 1
2 39 2
2 2 2
1 100 1
10 5 10
38 3 38
12 14 12
87 3 87
1 5 1
14 11 14
14 2 14
5 18 5
1 2 1
1 78 1
29 1 29
66 2 66
100 4 100
3 1 3
2 56 2
35 1 35
89 4 89
4 4 4
11 12 11
1 13 1
2 4 2
2 46 2
88 1 88
43 5 43
7 6 7
100 3 100
48 3 48
33 1 33
29 11 29
2 44 2
11 10 11
80 8 80
68 4 68
92 8 92
76 6 76
100 1 100
57 1 57
19 10 19
15 11 15
47 1 47
6 18 6
7 1 7
2 29 2
4 29 4
66 5 66
23 6 23
100 9 100
100 5 100
1 57 1
88 9 88
14 7 14
3 3 3
12 15 12
97 2 97
37 3 37
94 9 94
1 3 1
74 8 74
2 43 2
63 10 63
89 7 89
59 10 59
3 37 3
4 2 4
10 18 10
4 1 4
28 6 28
26 1 26
1 4 1
26 12 26
52 3 52
3 4 3
76 1 76
50 9 50
6 14 6
46 8 46
24 4 24
1 24 1
68 7 68
58 6 58
45 6 45
19 13 19
4 3 4
42 9 42
34 7 34
70 3 70
18 3 18
49 8 49
100 2 100
